[gd_scene format=3 uid="uid://cvfc6twv7oe4"]

[ext_resource type="PackedScene" uid="uid://d3abdn8nsi735" path="res://GameWorld/WorldAssets/OfficeAssets/Bunker3.fbx" id="1_s7noy"]
[ext_resource type="Texture2D" uid="uid://c06c6rixghlyu" path="res://GameWorld/WorldAssets/OfficeAssets/Textures/Bunker3_1024p_Texture3.png" id="2_qhyia"]

[sub_resource type="StandardMaterial3D" id="StandardMaterial3D_tfqu1"]
albedo_texture = ExtResource("2_qhyia")
metallic = 0.42
roughness = 0.63

[sub_resource type="BoxShape3D" id="BoxShape3D_lbuwp"]
size = Vector3(0.78674316, 1, 1.0964737)

[sub_resource type="BoxShape3D" id="BoxShape3D_5wcmu"]
size = Vector3(4.8989563, 6.930725, 0.08856201)

[sub_resource type="BoxShape3D" id="BoxShape3D_t0hak"]
size = Vector3(0.25964355, 6.971939, 3.1928406)

[sub_resource type="BoxShape3D" id="BoxShape3D_tcuf5"]
size = Vector3(0.15771484, 6.852295, 3.1780396)

[sub_resource type="BoxShape3D" id="BoxShape3D_8i1r5"]
size = Vector3(4.914612, 0.1850586, 2.2504883)

[sub_resource type="BoxShape3D" id="BoxShape3D_t8lvo"]
size = Vector3(1.8137207, 6.5431824, 4.925293)

[sub_resource type="BoxShape3D" id="BoxShape3D_3jmfk"]
size = Vector3(6.25708, 2.1837158, 4.976715)

[sub_resource type="BoxShape3D" id="BoxShape3D_smanq"]
size = Vector3(1, 11.493286, 7.0076904)

[sub_resource type="BoxShape3D" id="BoxShape3D_tga11"]
size = Vector3(0.82922363, 9.91983, 7.1816406)

[sub_resource type="BoxShape3D" id="BoxShape3D_oljm7"]
size = Vector3(14.7854, 1, 7.1641846)

[sub_resource type="BoxShape3D" id="BoxShape3D_yi7gp"]
size = Vector3(1.3222656, 16.075684, 6.8847656)

[sub_resource type="BoxShape3D" id="BoxShape3D_asvl4"]
size = Vector3(1.378418, 7.662964, 7.0722046)

[node name="Bunker3" unique_id=1135045361 instance=ExtResource("1_s7noy")]

[node name="Bunker3" parent="." index="0" unique_id=1297449717]
transform = Transform3D(1, -2.1316282e-14, -1.5099579e-07, 1.5099579e-07, 1.7881393e-07, 0.99999994, 7.1054274e-15, -0.99999994, 1.7881393e-07, 0.0024371147, -0.0053573847, 0.00031745434)
surface_material_override/0 = SubResource("StandardMaterial3D_tfqu1")

[node name="StaticBody3D" type="StaticBody3D" parent="Bunker3" index="0" unique_id=457914534]

[node name="CollisionShape3D" type="CollisionShape3D" parent="Bunker3/StaticBody3D" index="0" unique_id=1559310791]
transform = Transform3D(3.075586, 0.14048022, -1.2474158e-07, -0.8435129, 0.5122044, 1.3780135e-07, 1.6798137e-07, -1.7830985e-08, 2.9756522, -1.5684392, -6.508268, 1.8349853)
shape = SubResource("BoxShape3D_lbuwp")

[node name="CollisionShape3D2" type="CollisionShape3D" parent="Bunker3/StaticBody3D" index="1" unique_id=1396985371]
transform = Transform3D(2.4803295, -0.33385423, 4.3431467e-07, 2.004672, 0.413073, -1.6416863e-07, -2.514325e-07, 7.151755e-08, 2.9756515, 1.3865688, -7.010426, 1.8349842)
shape = SubResource("BoxShape3D_lbuwp")

[node name="CollisionShape3D3" type="CollisionShape3D" parent="Bunker3/StaticBody3D" index="2" unique_id=37499229]
transform = Transform3D(1, -2.336964e-18, -9.6349595e-12, 3.625301e-18, 0.9999362, 1.7109869e-11, 1.269902e-21, -1.7109869e-11, 0.9999362, -0.23554988, -2.5922823, 0.16777465)
shape = SubResource("BoxShape3D_5wcmu")

[node name="CollisionShape3D4" type="CollisionShape3D" parent="Bunker3/StaticBody3D" index="3" unique_id=123286122]
transform = Transform3D(1, -1.7686048e-18, -7.233325e-12, 2.7206698e-18, 0.99995214, 1.2846613e-11, 1.2700637e-21, -1.2846613e-11, 0.99995214, -2.6481812, -2.5832446, 1.7497836)
shape = SubResource("BoxShape3D_t0hak")

[node name="CollisionShape3D5" type="CollisionShape3D" parent="Bunker3/StaticBody3D" index="4" unique_id=230147709]
transform = Transform3D(1, -1.8694017e-18, -7.64544e-12, 2.879912e-18, 0.99994934, 1.3585577e-11, 1.2700353e-21, -1.3585577e-11, 0.99994934, 2.2670429, -2.5462434, 1.7353752)
shape = SubResource("BoxShape3D_tcuf5")

[node name="CollisionShape3D6" type="CollisionShape3D" parent="Bunker3/StaticBody3D" index="5" unique_id=177682342]
transform = Transform3D(1, -9.169132e-19, -3.737455e-12, 1.4094628e-18, 0.9999752, 6.65068e-12, 1.2702982e-21, -6.65068e-12, 0.9999752, -0.24331655, 0.9695965, 1.2987478)
shape = SubResource("BoxShape3D_8i1r5")

[node name="CollisionShape3D7" type="CollisionShape3D" parent="Bunker3/StaticBody3D" index="6" unique_id=1832380621]
transform = Transform3D(0.7539697, 0.61523896, -0.23023818, -0.6442552, 0.7608769, -0.076586075, 0.12806357, 0.20608512, 0.9700669, -5.83702, -7.971555, 1.9153241)
shape = SubResource("BoxShape3D_t8lvo")

[node name="CollisionShape3D8" type="CollisionShape3D" parent="Bunker3/StaticBody3D" index="7" unique_id=457794961]
transform = Transform3D(0.5196605, 0.851188, 0.07363923, -0.85223615, 0.52247846, -0.025326759, -0.0600342, -0.049597118, 0.9969326, 5.363592, -7.899234, 1.9240103)
shape = SubResource("BoxShape3D_3jmfk")

[node name="CollisionShape3D10" type="CollisionShape3D" parent="Bunker3/StaticBody3D" index="8" unique_id=1818455359]
transform = Transform3D(0.99788624, 0.06498512, -1.1304579e-08, -0.06498229, 0.99786305, 1.0196672e-08, 1.1939414e-08, -9.4407255e-09, 0.9999768, 9.406454, -2.6934576, 3.3059957)
shape = SubResource("BoxShape3D_smanq")

[node name="CollisionShape3D9" type="CollisionShape3D" parent="Bunker3/StaticBody3D" index="9" unique_id=620048363]
transform = Transform3D(0.9310367, -0.3649255, 7.566188e-08, 0.36490887, 0.9310033, -4.2761656e-08, -5.484111e-08, 6.742383e-08, 0.99996656, 7.910613, 7.3538666, 3.090756)
shape = SubResource("BoxShape3D_tga11")

[node name="CollisionShape3D11" type="CollisionShape3D" parent="Bunker3/StaticBody3D" index="10" unique_id=1120616878]
transform = Transform3D(1, -7.513182e-19, -3.0553338e-12, 1.1519648e-18, 0.99997973, 5.4427574e-12, 1.2703442e-21, -5.4427574e-12, 0.99997973, -0.44396973, 11.746023, 3.0820432)
shape = SubResource("BoxShape3D_oljm7")

[node name="CollisionShape3D12" type="CollisionShape3D" parent="Bunker3/StaticBody3D" index="11" unique_id=1095877072]
transform = Transform3D(0.9734672, 0.22882245, -3.691484e-08, -0.22882181, 0.97343016, 3.9306144e-08, 4.4922874e-08, -2.98175e-08, 0.9999625, -9.141221, 4.539133, 2.9423838)
shape = SubResource("BoxShape3D_yi7gp")

[node name="CollisionShape3D13" type="CollisionShape3D" parent="Bunker3/StaticBody3D" index="12" unique_id=1204399997]
transform = Transform3D(0.9072061, -0.42068636, 8.923243e-08, 0.42067623, 0.9071829, -4.692302e-08, -6.121354e-08, 8.010804e-08, 0.99997723, -9.291251, -6.221851, 2.9319272)
shape = SubResource("BoxShape3D_asvl4")
